1930	1740
2137	1740
2452	1930
2684	1930
3553	2684
3993	3553
4258	3553
4475	4258
5787	4475
5930	4475
6024	4475
6150	4475
6269	4258
6400	4258
6484	4258
7347	1930
7846	4475
7846	7347
15568	4475
17402	4475
19226	4475
19308	3553
19793	21007
19793	13831419
20270	21007
21007	1930
21445	20270
21914	20270
22119	3553
23083	22119
23280	2137
23451	23280
23953	23280
24444	2137
24900	24444
26390	24900
27365	2684
28005	24444
28468	24444
28950	24444
29306	28950
29413	28950
29677	23280
29976	1930
30657	29677
31563	2137
32220	2137
32912	32220
33122	32220
33319	2137
33914	2137
34512	29976
34778	38116
34873	38116
35041	38116
35244	408356
35498	691754
35660	210792
35910	38116
36418	428985
36612	38116
36782	38116
37020	35910
37301	35910
37483	35910
37727	35910
37811	35910
37921	35910
38116	30657
38913	38116
39000	38116
39311	39000
39601	39000
39759	38116
39949	39759
40035	39759
40283	40035
40478	40035
40654	38116
40728	40035
40890	39759
41158	40890
41283	40890
41542	40890
41700	41542
41926	38116
42206	38116
42352	743943
42478	41926
42637	30657
43049	30657
43279	30657
43495	30657
43854	37483
43933	30657
44347	30657
44640	37483
44888	30657
45193	30657
45411	30657
45638	30657
45855	30657
45991	30657
46387	37483
46648	30657
46918	30657
47085	37483
47263	30657
47759	37483
47847	35910
48097	47847
48291	47847
48486	35910
48682	35910
48792	35910
48966	35910
49115	38116
49397	48966
49569	48966
49744	49115
50103	49744
50289	49744
50395	49744
50548	49744
50729	191991
50857	49744
51015	49115
51304	51015
51513	51015
51707	51015
51897	51707
52012	49115
52205	52012
52345	49744
52532	52345
52717	52345
52872	49115
52966	49115
53154	49115
53320	49115
53611	305979
53840	43495
53917	43495
54225	43495
54345	53917
54429	43495
54626	54429
54733	43495
55148	54733
55303	54733
55472	54733
55641	54733
55858	55641
56047	54733
56135	54733
56453	56135
56613	56135
56752	56135
56907	1125416
57131	1125416
57371	57131
57508	54733
57732	54733
57982	1077970
58126	57732
58306	54733
58477	43495
58568	53154
58568	955074
58822	53154
59067	58822
59157	43495
59339	43495
59428	46918
59563	46918
59947	59563
60196	59947
60372	59947
60548	60372
60715	59947
60809	59563
61021	59563
61234	59563
61368	59563
61567	59563
61637	59563
61834	35910
61991	45193
62110	43495
62273	62110
62418	211959
62612	211959
62737	62418
62953	62418
63151	62953
63271	62418
63491	63271
63626	35910
63834	63626
64130	63834
64379	63834
64472	63626
64838	64472
64971	65324
65190	65324
65324	64472
65609	64472
65918	199300
66036	64472
66156	64472
66238	64472
66395	64472
66675	63626
66895	66675
67036	30657
67217	75444
67456	67036
67721	67456
67973	67456
68074	1236910
68217	1236910
68217	68346
68346	67456
68527	68346
68810	1075919
68990	64472
69153	67456
69437	69153
69575	67217
69721	67217
69880	67217
69993	69721
70264	69993
70424	69721
70505	69993
70635	69993
70738	69993
70897	782543
71035	69993
71183	30657
71282	69993
71461	30657
71627	69993
71785	67036
72366	569850
72520	569850
72684	75610
72888	67456
73081	71785
73293	71785
73511	71785
73628	71785
73852	73628
73997	73628
74345	73628
74533	71785
74648	71785
74912	74648
75144	71785
75344	71785
75444	71785
75610	71785
76103	75610
76291	75610
76438	71785
76610	75610
76732	75610
76892	75610
77016	75610
77143	75610
77213	75610
77383	75610
77704	7332119
77989	77704
78069	77704
78239	42637
78676	42637
78801	42637
79037	78239
79213	78239
79356	78239
79641	78239
79838	78239
80032	79838
80218	1092370
80423	80218
80572	80218
80728	80218
80916	80218
81062	80218
81294	13262498
81439	13262498
81563	13262498
81788	13262498
81994	13262498
82215	13262498
82392	79838
82656	82392
82901	82656
83043	82392
83167	82392
83345	78239
83574	78239
83690	78239
84080	30657
84268	84080
84405	78239
84549	78239
84795	42637
85191	84795
85462	85191
85715	85191
85861	84795
86039	84795
86252	89301
86498	86039
86649	86039
86960	86498
87117	86039
87367	87117
87474	86039
87629	42637
87893	87629
88038	84795
88243	1085569
88483	88243
88669	88483
88974	88243
89187	88243
89301	42637
89545	89301
89847	89301
90054	89301
90171	78239
90477	90171
90711	46648
90896	1187304
91073	42637
91213	44347
91430	44347
91599	44347
91833	44347
92054	91833
92224	92054
92323	91833
92490	44347
92599	92490
92713	44347
92797	1115160
93032	1115160
93186	1119862
93483	1115160
93667	1115160
93826	1115160
93947	93826
94174	46648
94303	46648
94694	94303
94821	94303
95060	94821
95320	95060
95608	94821
95774	95608
95941	94821
96149	95941
96322	35910
96693	96322
96791	94303
97031	94303
97163	94303
97333	94303
97540	94303
97671	46648
97789	46648
97942	86039
98064	44888
98168	44888
98324	38116
98743	98324
98871	98324
99205	98324
99445	1213306
99642	99445
99759	99445
99881	99445
100087	551808
100259	551808
100408	551808
100619	551808
100771	551808
101073	551808
101073	6167042
101257	551808
101363	551808
101709	101363
101823	101363
102011	101073
102230	102011
102390	102230
102528	102011
102629	102011
102859	102629
102982	102011
103194	101073
103277	952969
103599	103277
103747	44888
103960	45991
104111	45991
104239	103960
104410	104239
104557	104239
104654	45991
104908	104654
105069	104654
105229	45991
105359	45991
105796	105359
105984	105359
106091	105359
106299	105359
106444	105359
106640	105359
106924	105359
107092	105359
107546	105359
107708	105359
107836	105359
107957	105359
108099	107092
108220	107092
108371	107092
108504	107092
108695	107092
108901	107092
109001	107092
109247	107092
109365	107092
109485	107092
109638	107092
109785	107092
109901	109001
110047	107092
110234	107092
110591	107092
110712	107092
110877	790293
111235	110877
111374	110877
111565	111374
111654	110877
111784	110877
112042	111784
112178	110877
112323	110877
112480	110877
112659	110877
112782	110877
112892	110877
113005	110877
113132	45991
113494	113132
113648	113494
113817	113132
113933	113132
114352	113933
114546	113132
114774	114546
114915	114546
115118	114915
115251	45991
115691	115251
115856	115251
116112	115856
116320	115251
116487	115251
116623	115251
116828	115251
116942	115251
117196	45991
117507	45991
117809	207776
117944	865191
118087	865191
118398	865191
118398	117507
118630	117507
118779	865191
119088	865191
119265	117507
119372	117507
119553	865191
119553	117507
119899	119553
120030	119553
120117	119553
120222	120117
120388	45991
120713	120388
120830	120388
121022	120388
121335	120388
121467	120388
121624	45991
121763	106640
121986	43049
122186	121986
122465	122186
122724	122465
122926	122724
123158	122186
123350	45991
123481	45991
123774	123481
123963	123481
124054	123481
124250	124054
124472	1145325
124603	123481
124828	124603
124971	124603
125076	123481
125162	123774
125356	123481
125437	1173452
125586	123481
125700	47263
125946	125700
126135	125946
126256	47263
126449	47263
126920	126449
127056	126449
127267	127056
127404	787849
127541	141472
127706	41926
127841	41926
127971	41926
128106	35910
128351	787849
128492	787849
128686	125700
128911	772486
129144	125700
129297	126449
129458	126449
129687	129458
129796	129458
129909	126449
130137	129909
130255	129909
130347	67456
130563	130913
130913	130347
131167	130347
131332	131167
131493	130913
131666	130913
131807	131666
131910	44640
132167	472688
132305	126449
132428	129458
132611	126449
132697	133421
132811	133576
132925	133802
133039	126449
133175	131910
133317	133175
133421	131910
133576	131910
133802	131910
133980	1175528
134054	1175528
134158	1175528
134387	1175528
134488	1175528
134695	1175528
134801	1175528
134919	1175528
135066	134919
135211	1175528
135292	134488
135394	1175528
135600	1175528
135968	1175528
136131	47263
136324	135600
136457	135600
136619	135600
136772	135600
136868	135600
136972	135600
137050	136619
137149	1175528
137511	137149
137696	137149
137804	137149
138099	137149
138354	138099
138529	138354
138697	137149
138898	47263
139041	47263
139261	125700
139419	139041
139554	139419
139619	139041
139776	47263
140364	139776
140578	139776
140739	139776
140932	139776
141084	139776
141213	139776
141472	47263
141720	47263
141847	47263
141996	637093
142216	637093
142489	49115
142626	880949
142960	142626
143181	637093
143485	637093
143877	637093
144071	637093
144356	637093
144446	637093
144583	637093
144705	637093
144705	47263
145002	144705
145265	47263
145452	47263
145598	145452
145844	47263
146038	376871
146599	146038
146749	146038
146931	146038
147097	146038
147263	146038
147392	146038
147676	147392
147911	147676
148007	146038
148134	146038
148274	146038
148415	146038
148682	200556
148877	200556
149062	149904
149266	149062
149266	855117
149473	148415
149582	148415
149656	148415
149798	148415
149904	148415
150082	148682
150328	148415
150519	150328
150715	150328
150917	129458
151048	129458
151199	150519
151411	47263
151582	47263
151752	43933
151907	43933
152134	43933
152229	43933
152317	43933
152734	43933
152838	152317
153050	1025762
153158	1025762
153339	1025762
153547	152838
153810	153547
153925	153547
154108	177976
154319	153925
154485	153925
154629	152317
154781	152317
155053	154781
155253	154781
155509	154781
155714	154781
155905	210792
156118	152317
156307	152317
156617	156307
156790	152317
156939	152317
157113	152317
157210	43049
157445	157210
157632	43049
157901	43049
158138	157901
158283	157901
158507	158283
158697	158283
158777	157901
159005	157901
159263	159005
159625	262101
159816	157901
159997	43049
160216	159997
160440	157901
160719	160440
160893	160719
161117	160440
161235	160440
161352	64472
161508	161352
161742	161508
161864	160440
162063	38116
162423	162063
162559	162063
162708	162063
162875	162708
163057	162875
163238	162708
163453	162063
163868	162063
164054	163868
164227	191991
164451	191991
164600	163453
164973	164600
165166	1085001
165400	165166
165622	163453
165820	164600
165999	164600
166119	164600
166384	164600
166614	166119
166763	163453
166993	458406
167176	166993
167373	167176
167523	167176
167686	167523
167884	167523
168099	167523
168267	167176
168401	168267
168585	167176
168771	167176
168942	166763
169058	166763
169326	169058
169479	191991
169732	169479
169868	191991
169968	191991
170126	171665
170343	170126
170472	171665
170632	171665
170826	170632
170993	170632
171161	171665
171357	171161
171464	171161
171531	171665
171665	60372
171871	60372
172070	169058
172328	172070
172439	172070
172703	172439
172894	169058
173038	172894
173168	169058
173311	169058
173419	169058
173531	44888
174021	173531
174132	173531
174336	173531
174610	173531
174852	173531
174976	174852
175109	173531
175261	169058
175512	175261
175631	791866
175799	791866
176023	791195
176282	176023
176454	175261
176724	176454
176901	176454
177161	176454
177298	176454
177458	177298
177615	176454
177843	176454
177976	1025762
178297	173531
178487	824631
178632	1025762
178873	1025762
179026	178873
179400	178297
179549	178297
179681	178297
179821	178297
179974	173531
180124	173531
180229	173531
180425	173531
180532	173531
180765	173531
180903	163453
181077	163453
181262	1217882
181619	181262
181811	162063
182040	181811
182222	182630
182344	183062
182489	183062
182630	183062
183062	1082290
183284	182630
183420	182630
183572	183420
183746	183572
183933	183572
184089	182630
184206	182630
184354	162063
184844	184354
184984	181811
185211	184354
185350	184354
185501	184354
185651	184354
185830	184354
185953	45411
186156	45411
186287	43279
186461	186287
186627	43279
187100	43279
187398	43279
187483	64472
187905	13615828
187993	187483
188186	187483
188348	188186
188559	187483
188739	187483
188856	187483
189032	559667
189190	13615828
189298	559667
189469	187483
189615	187483
189783	187483
189955	187483
190106	189955
190106	13631405
190325	13615828
190414	187483
190745	190414
190889	190414
191029	190414
191187	13615828
191280	187483
191428	187483
191632	64472
191780	47085
191991	38116
192829	191991
192998	192829
193149	191991
193306	193149
193462	38116
193759	193462
193948	193462
194074	200556
194255	200556
194471	194255
194660	194255
194854	148877
194976	7384204
195106	7384204
195263	191991
195494	191991
195680	7384204
195818	408356
196043	191991
196264	191991
196418	191991
196787	191991
196933	191991
197251	196933
197334	191991
197697	198621
197985	198621
198078	217041
198268	198621
198459	198621
198621	197334
198967	197334
199119	197334
199300	191991
199480	199300
199642	191991
199768	199300
199979	191991
200556	191991
200890	400201
201093	199979
201228	400201
201412	400201
201617	400201
201907	199979
202118	201907
202246	201907
202365	199979
202520	199979
202772	38116
203133	38116
203469	203133
203665	203133
203869	203665
204057	203869
204191	30657
204498	204191
204602	204191
204871	204602
205048	204602
205183	204602
205288	204191
205508	205288
205663	205288
205792	205288
205928	204191
206198	204191
206392	205928
206498	1208451
206498	205928
206740	30657
206979	1179523
207151	204191
207449	207151
207628	207151
207776	207151
208155	207776
208283	207776
208471	207776
208610	207151
208990	208610
209126	207151
209370	207151
209543	207151
209646	207776
209792	209646
209981	1079805
210150	209981
210295	204191
210395	184354
210529	210395
210638	184354
210792	199979
211367	211959
211646	211367
211789	210792
211959	210792
212311	211959
212442	211959
212625	211959
212914	211959
213054	210792
213226	213054
213400	213054
213527	551808
213657	210792
213901	213657
214035	213657
214192	1110658
214349	214192
214561	213657
214770	214561
215015	214770
215182	214770
215393	214770
